<?xml version="1.0"?>
<opencv_storage>
<Homography_me type_id="opencv-matrix">
  <rows>3</rows>
  <cols>3</cols>
  <dt>d</dt>
  <data>
    1.4999545721972674e+00 1.7926549964810603e+00
    -1.4107007264421736e+02 -3.4630687901836782e-01
    5.1855938947341738e+00 -3.1247881477098252e+02
    -2.9458663635021482e-04 4.3972430666335011e-03 1.</data></Homography_me>
<Homography_enemy type_id="opencv-matrix">
  <rows>3</rows>
  <cols>3</cols>
  <dt>d</dt>
  <data>
    1.4999545721972674e+00 1.7926549964810603e+00
    -1.4107007264421736e+02 -3.4630687901836782e-01
    5.1855938947341738e+00 -3.1247881477098252e+02
    -2.9458663635021482e-04 4.3972430666335011e-03 1.</data></Homography_enemy>
</opencv_storage>
