<?xml version="1.0"?>
<opencv_storage>
<Homography_me type_id="opencv-matrix">
  <rows>3</rows>
  <cols>3</cols>
  <dt>d</dt>
  <data>
    2.4401981383444871e+00 2.4527134453343646e+00
    -3.6638393939932769e+02 2.6014691219793851e-01
    7.8874539520704374e+00 -8.1959569573507849e+02
    2.9220329309016395e-04 6.2542617218362033e-03 9.9999999999999989e-01</data></Homography_me>
<Homography_enemy type_id="opencv-matrix">
  <rows>3</rows>
  <cols>3</cols>
  <dt>d</dt>
  <data>
    2.4401981383444871e+00 2.4527134453343646e+00
    -3.6638393939932769e+02 2.6014691219793851e-01
    7.8874539520704374e+00 -8.1959569573507849e+02
    2.9220329309016395e-04 6.2542617218362033e-03 9.9999999999999989e-01</data></Homography_enemy>
</opencv_storage>
