<?xml version="1.0"?>
<opencv_storage>
<Homography_me type_id="opencv-matrix">
  <rows>3</rows>
  <cols>3</cols>
  <dt>d</dt>
  <data>
    1.8168977841993192e+00 2.1171651908319640e+00
    -2.0464730028641031e+02 -1.9398084185552730e-01
    6.3326865637801681e+00 -5.2407335225924749e+02
    -1.9579383129945594e-04 5.3498602568878952e-03 1.</data></Homography_me>
<Homography_enemy type_id="opencv-matrix">
  <rows>3</rows>
  <cols>3</cols>
  <dt>d</dt>
  <data>
    1.8168977841993192e+00 2.1171651908319640e+00
    -2.0464730028641031e+02 -1.9398084185552730e-01
    6.3326865637801681e+00 -5.2407335225924749e+02
    -1.9579383129945594e-04 5.3498602568878952e-03 1.</data></Homography_enemy>
</opencv_storage>
