<?xml version="1.0"?>
<opencv_storage>
<Homography_me type_id="opencv-matrix">
  <rows>3</rows>
  <cols>3</cols>
  <dt>d</dt>
  <data>
    1.7090529696417351e+00 2.0640626807226123e+00
    -1.9227048943991755e+02 -2.2671976339268540e-01
    5.7786940878602229e+00 -4.2803618616624590e+02
    -1.9252373700372823e-04 5.0626765088285022e-03 1.</data></Homography_me>
<Homography_enemy type_id="opencv-matrix">
  <rows>3</rows>
  <cols>3</cols>
  <dt>d</dt>
  <data>
    1.7090529696417351e+00 2.0640626807226123e+00
    -1.9227048943991755e+02 -2.2671976339268540e-01
    5.7786940878602229e+00 -4.2803618616624590e+02
    -1.9252373700372823e-04 5.0626765088285022e-03 1.</data></Homography_enemy>
</opencv_storage>
