<?xml version="1.0"?>
<opencv_storage>
<Homography_me type_id="opencv-matrix">
  <rows>3</rows>
  <cols>3</cols>
  <dt>d</dt>
  <data>
    1.4437614697712424e+00 1.9358455620875135e+00
    -1.0036026227782112e+02 -1.6624074407718833e-01
    5.6414227998856221e+00 -1.2326536041252987e+02
    -1.0170542376250305e-04 4.5753075088434169e-03 1.</data></Homography_me>
<Homography_enemy type_id="opencv-matrix">
  <rows>3</rows>
  <cols>3</cols>
  <dt>d</dt>
  <data>
    1.4437614697712424e+00 1.9358455620875135e+00
    -1.0036026227782112e+02 -1.6624074407718833e-01
    5.6414227998856221e+00 -1.2326536041252987e+02
    -1.0170542376250305e-04 4.5753075088434169e-03 1.</data></Homography_enemy>
</opencv_storage>
