<?xml version="1.0"?>
<opencv_storage>
<Homography_me type_id="opencv-matrix">
  <rows>3</rows>
  <cols>3</cols>
  <dt>d</dt>
  <data>
    1.0323120518331825e+00 -9.3175746621007594e-01
    4.5636220313896979e+02 7.7391337404622418e-01 6.2314187655232729e+00
    -3.5342224386596484e+02 -2.5375924769913458e-04
    7.1903170378766184e-03 1.</data></Homography_me>
<Homography_enemy type_id="opencv-matrix">
  <rows>3</rows>
  <cols>3</cols>
  <dt>d</dt>
  <data>
    1.0323120518331825e+00 -9.3175746621007594e-01
    4.5636220313896979e+02 7.7391337404622418e-01 6.2314187655232729e+00
    -3.5342224386596484e+02 -2.5375924769913458e-04
    7.1903170378766184e-03 1.</data></Homography_enemy>
</opencv_storage>
