<?xml version="1.0"?>
<opencv_storage>
<Homography_me type_id="opencv-matrix">
  <rows>3</rows>
  <cols>3</cols>
  <dt>d</dt>
  <data>
    1.6609800765100664e+00 2.0233656278145680e+00
    -1.7313414497040898e+02 -2.3985797790765745e-01
    5.6726417402960632e+00 -3.7973072650870216e+02
    -1.9635514704466399e-04 5.0035825527826950e-03 1.</data></Homography_me>
<Homography_enemy type_id="opencv-matrix">
  <rows>3</rows>
  <cols>3</cols>
  <dt>d</dt>
  <data>
    1.6609800765100664e+00 2.0233656278145680e+00
    -1.7313414497040898e+02 -2.3985797790765745e-01
    5.6726417402960632e+00 -3.7973072650870216e+02
    -1.9635514704466399e-04 5.0035825527826950e-03 1.</data></Homography_enemy>
</opencv_storage>
