<?xml version="1.0"?>
<opencv_storage>
<Homography_me type_id="opencv-matrix">
  <rows>3</rows>
  <cols>3</cols>
  <dt>d</dt>
  <data>
    1.6441729975629877e+00 1.1694843008480569e+00
    -1.6435378747289229e+02 3.6219356807587672e-01
    5.0926020128019340e+00 -1.5981655600095348e+02
    3.1811369747287424e-04 3.8468687370240341e-03 9.9999999999999989e-01</data></Homography_me>
<Homography_enemy type_id="opencv-matrix">
  <rows>3</rows>
  <cols>3</cols>
  <dt>d</dt>
  <data>
    1.6441729975629877e+00 1.1694843008480569e+00
    -1.6435378747289229e+02 3.6219356807587672e-01
    5.0926020128019340e+00 -1.5981655600095348e+02
    3.1811369747287424e-04 3.8468687370240341e-03 9.9999999999999989e-01</data></Homography_enemy>
</opencv_storage>
